site1,site2,distance
1,1,0
1,2,0.6346666666666667
1,3,0.736
1,4,0.6
1,5,0.8
1,6,0.536
1,7,0.456
1,8,0.5893333333333334
1,9,0.5253333333333333
1,10,0.5866666666666667
1,11,0.5386666666666666
1,12,0.42133333333333334
1,13,0.664
1,14,0.7946666666666666
1,15,0.6666666666666666
1,16,0.5893333333333334
1,17,0.6506666666666666
1,18,0.5146666666666667
1,19,0.4746666666666667
1,20,0.568
1,21,0.6053333333333333
1,22,0.5786666666666667
1,23,0.528
1,24,0.48533333333333334
1,25,0.4026666666666667
1,26,0.44266666666666665
1,27,0.8533333333333334
1,28,0.7813333333333333
1,29,0.688
1,30,0.47733333333333333
1,31,0.8773333333333333
1,32,0.776
1,33,0.6293333333333333
1,34,0.5093333333333333
1,35,0.6346666666666667
1,36,0.5386666666666666
1,37,0.68533333333333335
1,38,0.5626666666666666
1,39,0.5386666666666666
1,40,0.776
1,41,0.6613333333333333
1,42,0.624
1,43,0.704
1,44,0.7386666666666667
1,45,0.7093333333333334
1,46,0.499330655957162
1,47,0.49333333333333335
1,48,0.7973333333333333
1,49,0.72
2,1,0.6346666666666667
2,2,0
2,3,0.5333333333333333
2,4,0.7173333333333334
2,5,0.96
2,6,0.8373333333333334
2,7,0.6986666666666667
2,8,0.9333333333333333
2,9,0.6266666666666667
2,10,0.4613333333333333
2,11,0.8133333333333334
2,12,0.7173333333333334
2,13,0.8213333333333334
2,14,0.928
2,15,0.7893333333333333
2,16,0.736
2,17,0.6053333333333333
2,18,0.8293333333333334
2,19,0.736
2,20,0.808
2,21,0.568
2,22,0.792
2,23,0.8266666666666667
2,24,0.624
2,25,0.64
2,26,0.6266666666666667
2,27,0.44
2,28,0.49866666666666665
2,29,0.624
2,30,0.6933333333333334
2,31,0.944
2,32,0.4693333333333333
2,33,0.7066666666666667
2,34,0.576
2,35,0.544
2,36,0.43733333333333335
2,37,0.696
2,38,0.4266666666666667
2,39,0.5946666666666667
2,40,0.5066666666666667
2,41,0.5706666666666667
2,42,0.72
2,43,0.7706666666666667
2,44,0.33866666666666667
2,45,0.5866666666666667
2,46,0.5394912985274432
2,47,0.5573333333333333
2,48,0.48533333333333334
2,49,0.49333333333333335
3,1,0.736
3,2,0.5333333333333333
3,3,0
3,4,0.808
3,5,0.952
3,6,0.392
3,7,0.8533333333333334
3,8,0.968
3,9,0.712
3,10,0.7546666666666667
3,11,0.896
3,12,0.776
3,13,0.832
3,14,0.944
3,15,0.8693333333333333
3,16,0.7946666666666666
3,17,0.6906666666666667
3,18,0.8746666666666667
3,19,0.8213333333333334
3,20,0.9066666666666666
3,21,0.7573333333333333
3,22,0.872
3,23,0.5253333333333333
3,24,0.8453333333333334
3,25,0.848
3,26,0.7386666666666667
3,27,0.8373333333333334
3,28,0.39466666666666667
3,29,0.5146666666666667
3,30,0.784
3,31,0.9653333333333334
3,32,0.8453333333333334
3,33,0.84
3,34,0.6373333333333333
3,35,0.5306666666666666
3,36,0.8613333333333333
3,37,0.7306666666666667
3,38,0.5653333333333334
3,39,0.37866666666666665
3,40,0.4693333333333333
3,41,0.8026666666666666
3,42,0.8533333333333334
3,43,0.8693333333333333
3,44,0.5946666666666667
3,45,0.45066666666666666
3,46,0.7242302543507363
3,47,0.7546666666666667
3,48,0.8266666666666667
3,49,0.30666666666666664
4,1,0.6
4,2,0.7173333333333334
4,3,0.808
4,4,0
4,5,0.576
4,6,0.816
4,7,0.4666666666666667
4,8,0.5226666666666666
4,9,0.456
4,10,0.5493333333333333
4,11,0.6346666666666667
4,12,0.5306666666666666
4,13,0.5866666666666667
4,14,0.6026666666666667
4,15,0.632
4,16,0.6133333333333333
4,17,0.496
4,18,0.30666666666666664
4,19,0.5786666666666667
4,20,0.712
4,21,0.5413333333333333
4,22,0.528
4,23,0.784
4,24,0.616
4,25,0.6026666666666667
4,26,0.45066666666666666
4,27,0.816
4,28,0.7173333333333334
4,29,0.48
4,30,0.4746666666666667
4,31,0.552
4,32,0.696
4,33,0.33066666666666666
4,34,0.6026666666666667
4,35,0.704
4,36,0.6666666666666666
4,37,0.504
4,38,0.5733333333333334
4,39,0.696
4,40,0.6293333333333333
4,41,0.5093333333333333
4,42,0.36533333333333334
4,43,0.408
4,44,0.6746666666666666
4,45,0.5893333333333334
4,46,0.49129852744310576
4,47,0.5893333333333334
4,48,0.856
4,49,0.6906666666666667
5,1,0.8
5,2,0.96
5,3,0.952
5,4,0.576
5,5,0
5,6,0.8053333333333333
5,7,0.6666666666666666
5,8,0.536
5,9,0.7066666666666667
5,10,0.904
5,11,0.808
5,12,0.6053333333333333
5,13,0.34933333333333333
5,14,0.2
5,15,0.968
5,16,0.936
5,17,0.7786666666666666
5,18,0.536
5,19,0.7146666666666667
5,20,0.7946666666666666
5,21,0.592
5,22,0.6533333333333333
5,23,0.7466666666666667
5,24,0.7253333333333334
5,25,0.7333333333333333
5,26,0.68533333333333335
5,27,0.9573333333333334
5,28,0.952
5,29,0.7226666666666667
5,30,0.4666666666666667
5,31,0.144
5,32,0.808
5,33,0.68
5,34,0.784
5,35,0.8
5,36,0.7893333333333333
5,37,0.45866666666666667
5,38,0.832
5,39,0.7813333333333333
5,40,0.9253333333333333
5,41,0.8346666666666667
5,42,0.6346666666666667
5,43,0.696
5,44,0.9466666666666667
5,45,0.824
5,46,0.6706827309236948
5,47,0.7013333333333334
5,48,0.8373333333333334
5,49,0.8666666666666667
6,1,0.536
6,2,0.8373333333333334
6,3,0.392
6,4,0.816
6,5,0.8053333333333333
6,6,0
6,7,0.696
6,8,0.7146666666666667
6,9,0.696
6,10,0.8346666666666667
6,11,0.7706666666666667
6,12,0.4826666666666667
6,13,0.7386666666666667
6,14,0.8186666666666667
6,15,0.8853333333333333
6,16,0.904
6,17,0.7173333333333334
6,18,0.7386666666666667
6,19,0.6346666666666667
6,20,0.76
6,21,0.7066666666666667
6,22,0.7146666666666667
6,23,0.23466666666666666
6,24,0.6213333333333333
6,25,0.5866666666666667
6,26,0.6746666666666666
6,27,0.912
6,28,0.5066666666666667
6,29,0.5626666666666666
6,30,0.6613333333333333
6,31,0.912
6,32,0.8533333333333334
6,33,0.872
6,34,0.584
6,35,0.5013333333333333
6,36,0.7333333333333333
6,37,0.6826666666666666
6,38,0.6426666666666667
6,39,0.35733333333333334
6,40,0.5386666666666666
6,41,0.8266666666666667
6,42,0.8426666666666667
6,43,0.872
6,44,0.6906666666666667
6,45,0.5333333333333333
6,46,0.6331994645247657
6,47,0.5866666666666667
6,48,0.7893333333333333
6,49,0.45866666666666667
7,1,0.456
7,2,0.6986666666666667
7,3,0.8533333333333334
7,4,0.4666666666666667
7,5,0.6666666666666666
7,6,0.696
7,7,0
7,8,0.39466666666666667
7,9,0.37333333333333335
7,10,0.42933333333333334
7,11,0.4826666666666667
7,12,0.42933333333333334
7,13,0.5866666666666667
7,14,0.68
7,15,0.6186666666666667
7,16,0.6906666666666667
7,17,0.448
7,18,0.30666666666666664
7,19,0.39466666666666667
7,20,0.5653333333333334
7,21,0.4266666666666667
7,22,0.4106666666666667
7,23,0.656
7,24,0.30933333333333335
7,25,0.28
7,26,0.37866666666666665
7,27,0.7173333333333334
7,28,0.6826666666666666
7,29,0.5333333333333333
7,30,0.552
7,31,0.7413333333333333
7,32,0.576
7,33,0.33866666666666667
7,34,0.424
7,35,0.576
7,36,0.49333333333333335
7,37,0.536
7,38,0.5493333333333333
7,39,0.6
7,40,0.6906666666666667
7,41,0.5306666666666666
7,42,0.32
7,43,0.448
7,44,0.6293333333333333
7,45,0.5973333333333334
7,46,0.3119143239625167
7,47,0.416
7,48,0.6586666666666666
7,49,0.7013333333333334
8,1,0.5893333333333334
8,2,0.9333333333333333
8,3,0.968
8,4,0.5226666666666666
8,5,0.536
8,6,0.7146666666666667
8,7,0.39466666666666667
8,8,0
8,9,0.5573333333333333
8,10,0.7893333333333333
8,11,0.7306666666666667
8,12,0.5173333333333333
8,13,0.5466666666666666
8,14,0.5226666666666666
8,15,0.8746666666666667
8,16,0.8426666666666667
8,17,0.48533333333333334
8,18,0.38666666666666666
8,19,0.624
8,20,0.7493333333333333
8,21,0.6266666666666667
8,22,0.6373333333333333
8,23,0.696
8,24,0.6053333333333333
8,25,0.5973333333333334
8,26,0.6186666666666667
8,27,0.92
8,28,0.8853333333333333
8,29,0.6826666666666666
8,30,0.5146666666666667
8,31,0.5946666666666667
8,32,0.7653333333333333
8,33,0.6533333333333333
8,34,0.76
8,35,0.768
8,36,0.6906666666666667
8,37,0.552
8,38,0.8293333333333334
8,39,0.7493333333333333
8,40,0.7306666666666667
8,41,0.608
8,42,0.5706666666666667
8,43,0.5226666666666666
8,44,0.904
8,45,0.7786666666666666
8,46,0.6278447121820616
8,47,0.5653333333333334
8,48,0.824
8,49,0.84
9,1,0.5253333333333333
9,2,0.6266666666666667
9,3,0.712
9,4,0.456
9,5,0.7066666666666667
9,6,0.696
9,7,0.37333333333333335
9,8,0.5573333333333333
9,9,0
9,10,0.45866666666666667
9,11,0.5973333333333334
9,12,0.5066666666666667
9,13,0.5946666666666667
9,14,0.6826666666666666
9,15,0.672
9,16,0.6426666666666667
9,17,0.31466666666666665
9,18,0.392
9,19,0.496
9,20,0.6373333333333333
9,21,0.4613333333333333
9,22,0.488
9,23,0.5866666666666667
9,24,0.45866666666666667
9,25,0.4666666666666667
9,26,0.416
9,27,0.696
9,28,0.536
9,29,0.408
9,30,0.5653333333333334
9,31,0.7653333333333333
9,32,0.5706666666666667
9,33,0.5093333333333333
9,34,0.48
9,35,0.41333333333333333
9,36,0.592
9,37,0.5013333333333333
9,38,0.5173333333333333
9,39,0.47733333333333333
9,40,0.5546666666666666
9,41,0.48
9,42,0.448
9,43,0.544
9,44,0.48
9,45,0.35733333333333334
9,46,0.42971887550200805
9,47,0.4533333333333333
9,48,0.6293333333333333
9,49,0.608
10,1,0.5866666666666667
10,2,0.4613333333333333
10,3,0.7546666666666667
10,4,0.5493333333333333
10,5,0.904
10,6,0.8346666666666667
10,7,0.42933333333333334
10,8,0.7893333333333333
10,9,0.45866666666666667
10,10,0
10,11,0.5653333333333334
10,12,0.7066666666666667
10,13,0.7626666666666667
10,14,0.896
10,15,0.56
10,16,0.5786666666666667
10,17,0.48533333333333334
10,18,0.536
10,19,0.5386666666666666
10,20,0.656
10,21,0.488
10,22,0.5973333333333334
10,23,0.8026666666666666
10,24,0.44266666666666665
10,25,0.488
10,26,0.48
10,27,0.448
10,28,0.49333333333333335
10,29,0.592
10,30,0.6906666666666667
10,31,0.8906666666666667
10,32,0.4
10,33,0.44533333333333336
10,34,0.45866666666666667
10,35,0.5893333333333334
10,36,0.5253333333333333
10,37,0.6773333333333333
10,38,0.39466666666666667
10,39,0.648
10,40,0.496
10,41,0.44266666666666665
10,42,0.4746666666666667
10,43,0.5653333333333334
10,44,0.42933333333333334
10,45,0.52
10,46,0.42704149933065594
10,47,0.5333333333333333
10,48,0.512
10,49,0.5706666666666667
11,1,0.5386666666666666
11,2,0.8133333333333334
11,3,0.896
11,4,0.6346666666666667
11,5,0.808
11,6,0.7706666666666667
11,7,0.4826666666666667
11,8,0.7306666666666667
11,9,0.5973333333333334
11,10,0.5653333333333334
11,11,0
11,12,0.5413333333333333
11,13,0.6773333333333333
11,14,0.8186666666666667
11,15,0.4826666666666667
11,16,0.5306666666666666
11,17,0.68533333333333335
11,18,0.5306666666666666
11,19,0.3466666666666667
11,20,0.36533333333333334
11,21,0.6426666666666667
11,22,0.4
11,23,0.7226666666666667
11,24,0.6133333333333333
11,25,0.6106666666666667
11,26,0.4746666666666667
11,27,0.8453333333333334
11,28,0.808
11,29,0.7253333333333334
11,30,0.608
11,31,0.8773333333333333
11,32,0.7653333333333333
11,33,0.448
11,34,0.4053333333333333
11,35,0.688
11,36,0.6293333333333333
11,37,0.6026666666666667
11,38,0.608
11,39,0.6586666666666666
11,40,0.792
11,41,0.6426666666666667
11,42,0.456
11,43,0.632
11,44,0.7546666666666667
11,45,0.7493333333333333
11,46,0.4966532797858099
11,47,0.672
11,48,0.7866666666666666
11,49,0.8293333333333334
12,1,0.42133333333333334
12,2,0.7173333333333334
12,3,0.776
12,4,0.5306666666666666
12,5,0.6053333333333333
12,6,0.4826666666666667
12,7,0.42933333333333334
12,8,0.5173333333333333
12,9,0.5066666666666667
12,10,0.7066666666666667
12,11,0.5413333333333333
12,12,0
12,13,0.44266666666666665
12,14,0.624
12,15,0.8026666666666666
12,16,0.768
12,17,0.5546666666666666
12,18,0.5093333333333333
12,19,0.344
12,20,0.5946666666666667
12,21,0.44533333333333336
12,22,0.448
12,23,0.384
12,24,0.4186666666666667
12,25,0.37066666666666664
12,26,0.3893333333333333
12,27,0.8
12,28,0.72
12,29,0.536
12,30,0.37333333333333335
12,31,0.704
12,32,0.6746666666666666
12,33,0.5893333333333334
12,34,0.4106666666666667
12,35,0.5386666666666666
12,36,0.6026666666666667
12,37,0.3546666666666667
12,38,0.5493333333333333
12,39,0.4666666666666667
12,40,0.7226666666666667
12,41,0.6
12,42,0.49866666666666665
12,43,0.5973333333333334
12,44,0.7066666666666667
12,45,0.624
12,46,0.3413654618473896
12,47,0.42133333333333334
12,48,0.7413333333333333
12,49,0.6826666666666666
13,1,0.664
13,2,0.8213333333333334
13,3,0.832
13,4,0.5866666666666667
13,5,0.34933333333333333
13,6,0.7386666666666667
13,7,0.5866666666666667
13,8,0.5466666666666666
13,9,0.5946666666666667
13,10,0.7626666666666667
13,11,0.6773333333333333
13,12,0.44266666666666665
13,13,0
13,14,0.36533333333333334
13,15,0.8666666666666667
13,16,0.8986666666666666
13,17,0.648
13,18,0.5573333333333333
13,19,0.5413333333333333
13,20,0.6933333333333334
13,21,0.504
13,22,0.5573333333333333
13,23,0.6506666666666666
13,24,0.6293333333333333
13,25,0.6373333333333333
13,26,0.5093333333333333
13,27,0.84
13,28,0.7946666666666666
13,29,0.632
13,30,0.424
13,31,0.4613333333333333
13,32,0.712
13,33,0.624
13,34,0.5866666666666667
13,35,0.6506666666666666
13,36,0.696
13,37,0.336
13,38,0.6666666666666666
13,39,0.6293333333333333
13,40,0.8133333333333334
13,41,0.7253333333333334
13,42,0.5866666666666667
13,43,0.656
13,44,0.8186666666666667
13,45,0.7013333333333334
13,46,0.4886211512717537
13,47,0.488
13,48,0.744
13,49,0.728
14,1,0.7946666666666666
14,2,0.928
14,3,0.944
14,4,0.6026666666666667
14,5,0.2
14,6,0.8186666666666667
14,7,0.68
14,8,0.5226666666666666
14,9,0.6826666666666666
14,10,0.896
14,11,0.8186666666666667
14,12,0.624
14,13,0.36533333333333334
14,14,0
14,15,0.96
14,16,0.9146666666666666
14,17,0.7386666666666667
14,18,0.5093333333333333
14,19,0.728
14,20,0.7973333333333333
14,21,0.656
14,22,0.6666666666666666
14,23,0.7786666666666666
14,24,0.744
14,25,0.7386666666666667
14,26,0.68
14,27,0.96
14,28,0.928
14,29,0.6826666666666666
14,30,0.48533333333333334
14,31,0.264
14,32,0.816
14,33,0.7306666666666667
14,34,0.784
14,35,0.7893333333333333
14,36,0.7946666666666666
14,37,0.44
14,38,0.8186666666666667
14,39,0.7866666666666666
14,40,0.896
14,41,0.7946666666666666
14,42,0.5386666666666666
14,43,0.5813333333333334
14,44,0.9386666666666666
14,45,0.7813333333333333
14,46,0.6760374832663989
14,47,0.696
14,48,0.84
14,49,0.84
15,1,0.6666666666666666
15,2,0.7893333333333333
15,3,0.8693333333333333
15,4,0.632
15,5,0.968
15,6,0.8853333333333333
15,7,0.6186666666666667
15,8,0.8746666666666667
15,9,0.672
15,10,0.56
15,11,0.4826666666666667
15,12,0.8026666666666666
15,13,0.8666666666666667
15,14,0.96
15,15,0
15,16,0.4026666666666667
15,17,0.744
15,18,0.5706666666666667
15,19,0.6266666666666667
15,20,0.5626666666666666
15,21,0.7546666666666667
15,22,0.6506666666666666
15,23,0.8666666666666667
15,24,0.7653333333333333
15,25,0.7466666666666667
15,26,0.616
15,27,0.8
15,28,0.7386666666666667
15,29,0.7146666666666667
15,30,0.7706666666666667
15,31,0.96
15,32,0.848
15,33,0.4
15,34,0.6133333333333333
15,35,0.76
15,36,0.7066666666666667
15,37,0.8133333333333334
15,38,0.712
15,39,0.7733333333333333
15,40,0.752
15,41,0.7226666666666667
15,42,0.5653333333333334
15,43,0.6906666666666667
15,44,0.7066666666666667
15,45,0.7386666666666667
15,46,0.6813922356091031
15,47,0.7813333333333333
15,48,0.888
15,49,0.816
16,1,0.5893333333333334
16,2,0.736
16,3,0.7946666666666666
16,4,0.6133333333333333
16,5,0.936
16,6,0.904
16,7,0.6906666666666667
16,8,0.8426666666666667
16,9,0.6426666666666667
16,10,0.5786666666666667
16,11,0.5306666666666666
16,12,0.768
16,13,0.8986666666666666
16,14,0.9146666666666666
16,15,0.4026666666666667
16,16,0
16,17,0.7413333333333333
16,18,0.552
16,19,0.5973333333333334
16,20,0.5786666666666667
16,21,0.7626666666666667
16,22,0.704
16,23,0.8693333333333333
16,24,0.8053333333333333
16,25,0.7893333333333333
16,26,0.6026666666666667
16,27,0.856
16,28,0.7226666666666667
16,29,0.7173333333333334
16,30,0.6586666666666666
16,31,0.9253333333333333
16,32,0.8533333333333334
16,33,0.6266666666666667
16,34,0.632
16,35,0.7733333333333333
16,36,0.7333333333333333
16,37,0.744
16,38,0.6666666666666666
16,39,0.7066666666666667
16,40,0.7546666666666667
16,41,0.6746666666666666
16,42,0.6106666666666667
16,43,0.6906666666666667
16,44,0.712
16,45,0.7386666666666667
16,46,0.7054886211512718
16,47,0.8266666666666667
16,48,0.9306666666666666
16,49,0.776
17,1,0.6506666666666666
17,2,0.6053333333333333
17,3,0.6906666666666667
17,4,0.496
17,5,0.7786666666666666
17,6,0.7173333333333334
17,7,0.448
17,8,0.48533333333333334
17,9,0.31466666666666665
17,10,0.48533333333333334
17,11,0.68533333333333335
17,12,0.5546666666666666
17,13,0.648
17,14,0.7386666666666667
17,15,0.744
17,16,0.7413333333333333
17,17,0
17,18,0.5493333333333333
17,19,0.6
17,20,0.744
17,21,0.5413333333333333
17,22,0.6
17,23,0.6693333333333333
17,24,0.528
17,25,0.5493333333333333
17,26,0.49866666666666665
17,27,0.6693333333333333
17,28,0.5013333333333333
17,29,0.44533333333333336
17,30,0.6266666666666667
17,31,0.776
17,32,0.5306666666666666
17,33,0.5546666666666666
17,34,0.528
17,35,0.5386666666666666
17,36,0.6666666666666666
17,37,0.5013333333333333
17,38,0.49866666666666665
17,39,0.5573333333333333
17,40,0.43733333333333335
17,41,0.4266666666666667
17,42,0.5093333333333333
17,43,0.504
17,44,0.5733333333333334
17,45,0.41333333333333333
17,46,0.5100401606425703
17,47,0.49066666666666664
17,48,0.6693333333333333
17,49,0.5733333333333334
18,1,0.5146666666666667
18,2,0.8293333333333334
18,3,0.8746666666666667
18,4,0.30666666666666664
18,5,0.536
18,6,0.7386666666666667
18,7,0.30666666666666664
18,8,0.38666666666666666
18,9,0.392
18,10,0.536
18,11,0.5306666666666666
18,12,0.5093333333333333
18,13,0.5573333333333333
18,14,0.5093333333333333
18,15,0.5706666666666667
18,16,0.552
18,17,0.5493333333333333
18,18,0
18,19,0.4693333333333333
18,20,0.5386666666666666
18,21,0.512
18,22,0.3973333333333333
18,23,0.6773333333333333
18,24,0.536
18,25,0.5173333333333333
18,26,0.456
18,27,0.872
18,28,0.7653333333333333
18,29,0.504
18,30,0.43466666666666665
18,31,0.5946666666666667
18,32,0.7333333333333333
18,33,0.37333333333333335
18,34,0.5093333333333333
18,35,0.632
18,36,0.6426666666666667
18,37,0.5013333333333333
18,38,0.6533333333333333
18,39,0.6266666666666667
18,40,0.7013333333333334
18,41,0.5813333333333334
18,42,0.312
18,43,0.432
18,44,0.7093333333333334
18,45,0.632
18,46,0.4323962516733601
18,47,0.5786666666666667
18,48,0.8053333333333333
18,49,0.776
19,1,0.4746666666666667
19,2,0.736
19,3,0.8213333333333334
19,4,0.5786666666666667
19,5,0.7146666666666667
19,6,0.6346666666666667
19,7,0.39466666666666667
19,8,0.624
19,9,0.496
19,10,0.5386666666666666
19,11,0.3466666666666667
19,12,0.344
19,13,0.5413333333333333
19,14,0.728
19,15,0.6266666666666667
19,16,0.5973333333333334
19,17,0.6
19,18,0.4693333333333333
19,19,0
19,20,0.304
19,21,0.44266666666666665
19,22,0.23733333333333334
19,23,0.5573333333333333
19,24,0.408
19,25,0.41333333333333333
19,26,0.344
19,27,0.7786666666666666
19,28,0.7573333333333333
19,29,0.608
19,30,0.4613333333333333
19,31,0.8133333333333334
19,32,0.6693333333333333
19,33,0.536
19,34,0.328
19,35,0.5733333333333334
19,36,0.5733333333333334
19,37,0.52
19,38,0.512
19,39,0.5226666666666666
19,40,0.7386666666666667
19,41,0.5413333333333333
19,42,0.4693333333333333
19,43,0.5546666666666666
19,44,0.6693333333333333
19,45,0.648
19,46,0.29049531459170014
19,47,0.49066666666666664
19,48,0.7066666666666667
19,49,0.736
20,1,0.568
20,2,0.808
20,3,0.9066666666666666
20,4,0.712
20,5,0.7946666666666666
20,6,0.76
20,7,0.5653333333333334
20,8,0.7493333333333333
20,9,0.6373333333333333
20,10,0.656
20,11,0.36533333333333334
20,12,0.5946666666666667
20,13,0.6933333333333334
20,14,0.7973333333333333
20,15,0.5626666666666666
20,16,0.5786666666666667
20,17,0.744
20,18,0.5386666666666666
20,19,0.304
20,20,0
20,21,0.5973333333333334
20,22,0.2693333333333333
20,23,0.728
20,24,0.6186666666666667
20,25,0.6133333333333333
20,26,0.472
20,27,0.8266666666666667
20,28,0.792
20,29,0.7813333333333333
20,30,0.5546666666666666
20,31,0.8826666666666667
20,32,0.8346666666666667
20,33,0.624
20,34,0.38666666666666666
20,35,0.664
20,36,0.64
20,37,0.7333333333333333
20,38,0.6426666666666667
20,39,0.6613333333333333
20,40,0.8026666666666666
20,41,0.7226666666666667
20,42,0.5653333333333334
20,43,0.6613333333333333
20,44,0.768
20,45,0.8053333333333333
20,46,0.4779116465863454
20,47,0.672
20,48,0.784
20,49,0.8613333333333333
21,1,0.6053333333333333
21,2,0.568
21,3,0.7573333333333333
21,4,0.5413333333333333
21,5,0.592
21,6,0.7066666666666667
21,7,0.4266666666666667
21,8,0.6266666666666667
21,9,0.4613333333333333
21,10,0.488
21,11,0.6426666666666667
21,12,0.44533333333333336
21,13,0.504
21,14,0.656
21,15,0.7546666666666667
21,16,0.7626666666666667
21,17,0.5413333333333333
21,18,0.512
21,19,0.44266666666666665
21,20,0.5973333333333334
21,21,0
21,22,0.5146666666666667
21,23,0.6106666666666667
21,24,0.38666666666666666
21,25,0.408
21,26,0.45866666666666667
21,27,0.6
21,28,0.5173333333333333
21,29,0.528
21,30,0.4613333333333333
21,31,0.688
21,32,0.48533333333333334
21,33,0.488
21,34,0.45066666666666666
21,35,0.42933333333333334
21,36,0.376
21,37,0.488
21,38,0.44533333333333336
21,39,0.496
21,40,0.5493333333333333
21,41,0.49866666666666665
21,42,0.5573333333333333
21,43,0.6266666666666667
21,44,0.5066666666666667
21,45,0.5786666666666667
21,46,0.3038821954484605
21,47,0.31466666666666665
21,48,0.49866666666666665
21,49,0.568
22,1,0.5786666666666667
22,2,0.792
22,3,0.872
22,4,0.528
22,5,0.6533333333333333
22,6,0.7146666666666667
22,7,0.4106666666666667
22,8,0.6373333333333333
22,9,0.488
22,10,0.5973333333333334
22,11,0.4
22,12,0.448
22,13,0.5573333333333333
22,14,0.6666666666666666
22,15,0.6506666666666666
22,16,0.704
22,17,0.6
22,18,0.3973333333333333
22,19,0.23733333333333334
22,20,0.2693333333333333
22,21,0.5146666666666667
22,22,0
22,23,0.592
22,24,0.4746666666666667
22,25,0.48
22,26,0.432
22,27,0.832
22,28,0.8026666666666666
22,29,0.624
22,30,0.528
22,31,0.7386666666666667
22,32,0.712
22,33,0.504
22,34,0.37333333333333335
22,35,0.6186666666666667
22,36,0.648
22,37,0.5786666666666667
22,38,0.5786666666666667
22,39,0.5786666666666667
22,40,0.752
22,41,0.6
22,42,0.43466666666666665
22,43,0.49866666666666665
22,44,0.7253333333333334
22,45,0.696
22,46,0.3413654618473896
22,47,0.5733333333333334
22,48,0.752
22,49,0.7626666666666667
23,1,0.528
23,2,0.8266666666666667
23,3,0.5253333333333333
23,4,0.784
23,5,0.7466666666666667
23,6,0.23466666666666666
23,7,0.656
23,8,0.696
23,9,0.5866666666666667
23,10,0.8026666666666666
23,11,0.7226666666666667
23,12,0.384
23,13,0.6506666666666666
23,14,0.7786666666666666
23,15,0.8666666666666667
23,16,0.8693333333333333
23,17,0.6693333333333333
23,18,0.6773333333333333
23,19,0.5573333333333333
23,20,0.728
23,21,0.6106666666666667
23,22,0.592
23,23,0
23,24,0.5946666666666667
23,25,0.5413333333333333
23,26,0.6506666666666666
23,27,0.9093333333333333
23,28,0.5173333333333333
23,29,0.448
23,30,0.648
23,31,0.8693333333333333
23,32,0.8346666666666667
23,33,0.8453333333333334
23,34,0.5093333333333333
23,35,0.4266666666666667
23,36,0.736
23,37,0.64
23,38,0.5973333333333334
23,39,0.2693333333333333
23,40,0.5413333333333333
23,41,0.8026666666666666
23,42,0.8026666666666666
23,43,0.84
23,44,0.6213333333333333
23,45,0.432
23,46,0.5341365461847389
23,47,0.5653333333333334
23,48,0.7813333333333333
23,49,0.4746666666666667
24,1,0.48533333333333334
24,2,0.624
24,3,0.8453333333333334
24,4,0.616
24,5,0.7253333333333334
24,6,0.6213333333333333
24,7,0.30933333333333335
24,8,0.6053333333333333
24,9,0.45866666666666667
24,10,0.44266666666666665
24,11,0.6133333333333333
24,12,0.4186666666666667
24,13,0.6293333333333333
24,14,0.744
24,15,0.7653333333333333
24,16,0.8053333333333333
24,17,0.528
24,18,0.536
24,19,0.408
24,20,0.6186666666666667
24,21,0.38666666666666666
24,22,0.4746666666666667
24,23,0.5946666666666667
24,24,0
24,25,0.12
24,26,0.3973333333333333
24,27,0.6053333333333333
24,28,0.6266666666666667
24,29,0.648
24,30,0.5413333333333333
24,31,0.808
24,32,0.4746666666666667
24,33,0.5386666666666666
24,34,0.44533333333333336
24,35,0.496
24,36,0.488
24,37,0.56
24,38,0.43466666666666665
24,39,0.5733333333333334
24,40,0.6666666666666666
24,41,0.5013333333333333
24,42,0.5173333333333333
24,43,0.5946666666666667
24,44,0.5626666666666666
24,45,0.6186666666666667
24,46,0.29852744310575635
24,47,0.41333333333333333
24,48,0.5146666666666667
24,49,0.6693333333333333
25,1,0.4026666666666667
25,2,0.64
25,3,0.848
25,4,0.6026666666666667
25,5,0.7333333333333333
25,6,0.5866666666666667
25,7,0.28
25,8,0.5973333333333334
25,9,0.4666666666666667
25,10,0.488
25,11,0.6106666666666667
25,12,0.37066666666666664
25,13,0.6373333333333333
25,14,0.7386666666666667
25,15,0.7466666666666667
25,16,0.7893333333333333
25,17,0.5493333333333333
25,18,0.5173333333333333
25,19,0.41333333333333333
25,20,0.6133333333333333
25,21,0.408
25,22,0.48
25,23,0.5413333333333333
25,24,0.12
25,25,0
25,26,0.39466666666666667
25,27,0.6586666666666666
25,28,0.648
25,29,0.6346666666666667
25,30,0.5493333333333333
25,31,0.8053333333333333
25,32,0.5306666666666666
25,33,0.5226666666666666
25,34,0.43733333333333335
25,35,0.536
25,36,0.5013333333333333
25,37,0.584
25,38,0.49066666666666664
25,39,0.5866666666666667
25,40,0.6986666666666667
25,41,0.5333333333333333
25,42,0.49333333333333335
25,43,0.5706666666666667
25,44,0.5893333333333334
25,45,0.616
25,46,0.3119143239625167
25,47,0.4186666666666667
25,48,0.5893333333333334
25,49,0.6746666666666666
26,1,0.44266666666666665
26,2,0.6266666666666667
26,3,0.7386666666666667
26,4,0.45066666666666666
26,5,0.68533333333333335
26,6,0.6746666666666666
26,7,0.37866666666666665
26,8,0.6186666666666667
26,9,0.416
26,10,0.48
26,11,0.4746666666666667
26,12,0.3893333333333333
26,13,0.5093333333333333
26,14,0.68
26,15,0.616
26,16,0.6026666666666667
26,17,0.49866666666666665
26,18,0.456
26,19,0.344
26,20,0.472
26,21,0.45866666666666667
26,22,0.432
26,23,0.6506666666666666
26,24,0.3973333333333333
26,25,0.39466666666666667
26,26,0
26,27,0.7493333333333333
26,28,0.6746666666666666
26,29,0.49333333333333335
26,30,0.36
26,31,0.776
26,32,0.624
26,33,0.4613333333333333
26,34,0.312
26,35,0.49866666666666665
26,36,0.5333333333333333
26,37,0.45866666666666667
26,38,0.416
26,39,0.4666666666666667
26,40,0.664
26,41,0.5093333333333333
26,42,0.432
26,43,0.52
26,44,0.6213333333333333
26,45,0.5653333333333334
26,46,0.2824631860776439
26,47,0.3973333333333333
26,48,0.7013333333333334
26,49,0.6346666666666667
27,1,0.8533333333333334
27,2,0.44
27,3,0.8373333333333334
27,4,0.816
27,5,0.9573333333333334
27,6,0.912
27,7,0.7173333333333334
27,8,0.92
27,9,0.696
27,10,0.448
27,11,0.8453333333333334
27,12,0.8
27,13,0.84
27,14,0.96
27,15,0.8
27,16,0.856
27,17,0.6693333333333333
27,18,0.872
27,19,0.7786666666666666
27,20,0.8266666666666667
27,21,0.6
27,22,0.832
27,23,0.9093333333333333
27,24,0.6053333333333333
27,25,0.6586666666666666
27,26,0.7493333333333333
27,27,0
27,28,0.576
27,29,0.7653333333333333
27,30,0.864
27,31,0.9466666666666667
27,32,0.2826666666666667
27,33,0.7306666666666667
27,34,0.7253333333333334
27,35,0.672
27,36,0.45066666666666666
27,37,0.776
27,38,0.6213333333333333
27,39,0.792
27,40,0.5893333333333334
27,41,0.632
27,42,0.7493333333333333
27,43,0.8213333333333334
27,44,0.3973333333333333
27,45,0.6746666666666666
27,46,0.6840696117804551
27,47,0.6426666666666667
27,48,0.16
27,49,0.7173333333333334
28,1,0.7813333333333333
28,2,0.49866666666666665
28,3,0.39466666666666667
28,4,0.7173333333333334
28,5,0.952
28,6,0.5066666666666667
28,7,0.6826666666666666
28,8,0.8853333333333333
28,9,0.536
28,10,0.49333333333333335
28,11,0.808
28,12,0.72
28,13,0.7946666666666666
28,14,0.928
28,15,0.7386666666666667
28,16,0.7226666666666667
28,17,0.5013333333333333
28,18,0.7653333333333333
28,19,0.7573333333333333
28,20,0.792
28,21,0.5173333333333333
28,22,0.8026666666666666
28,23,0.5173333333333333
28,24,0.6266666666666667
28,25,0.648
28,26,0.6746666666666666
28,27,0.576
28,28,0
28,29,0.37066666666666664
28,30,0.7653333333333333
28,31,0.9386666666666666
28,32,0.5626666666666666
28,33,0.704
28,34,0.552
28,35,0.36533333333333334
28,36,0.584
28,37,0.6613333333333333
28,38,0.424
28,39,0.37066666666666664
28,40,0.24
28,41,0.5706666666666667
28,42,0.704
28,43,0.7733333333333333
28,44,0.3546666666666667
28,45,0.24533333333333332
28,46,0.5796519410977242
28,47,0.5146666666666667
28,48,0.6186666666666667
28,49,0.24
29,1,0.688
29,2,0.624
29,3,0.5146666666666667
29,4,0.48
29,5,0.7226666666666667
29,6,0.5626666666666666
29,7,0.5333333333333333
29,8,0.6826666666666666
29,9,0.408
29,10,0.592
29,11,0.7253333333333334
29,12,0.536
29,13,0.632
29,14,0.6826666666666666
29,15,0.7146666666666667
29,16,0.7173333333333334
29,17,0.44533333333333336
29,18,0.504
29,19,0.608
29,20,0.7813333333333333
29,21,0.528
29,22,0.624
29,23,0.448
29,24,0.648
29,25,0.6346666666666667
29,26,0.49333333333333335
29,27,0.7653333333333333
29,28,0.37066666666666664
29,29,0
29,30,0.592
29,31,0.712
29,32,0.6266666666666667
29,33,0.536
29,34,0.5626666666666666
29,35,0.37333333333333335
29,36,0.6826666666666666
29,37,0.5146666666666667
29,38,0.4746666666666667
29,39,0.344
29,40,0.392
29,41,0.576
29,42,0.472
29,43,0.5386666666666666
29,44,0.4533333333333333
29,45,0.18666666666666668
29,46,0.5341365461847389
29,47,0.5226666666666666
29,48,0.8053333333333333
29,49,0.38133333333333336
30,1,0.47733333333333333
30,2,0.6933333333333334
30,3,0.784
30,4,0.4746666666666667
30,5,0.4666666666666667
30,6,0.6613333333333333
30,7,0.552
30,8,0.5146666666666667
30,9,0.5653333333333334
30,10,0.6906666666666667
30,11,0.608
30,12,0.37333333333333335
30,13,0.424
30,14,0.48533333333333334
30,15,0.7706666666666667
30,16,0.6586666666666666
30,17,0.6266666666666667
30,18,0.43466666666666665
30,19,0.4613333333333333
30,20,0.5546666666666666
30,21,0.4613333333333333
30,22,0.528
30,23,0.648
30,24,0.5413333333333333
30,25,0.5493333333333333
30,26,0.36
30,27,0.864
30,28,0.7653333333333333
30,29,0.592
30,30,0
30,31,0.5573333333333333
30,32,0.72
30,33,0.5786666666666667
30,34,0.464
30,35,0.6053333333333333
30,36,0.6186666666666667
30,37,0.3333333333333333
30,38,0.512
30,39,0.512
30,40,0.784
30,41,0.6346666666666667
30,42,0.5226666666666666
30,43,0.632
30,44,0.7333333333333333
30,45,0.6906666666666667
30,46,0.4323962516733601
30,47,0.504
30,48,0.7786666666666666
30,49,0.68
31,1,0.8773333333333333
31,2,0.944
31,3,0.9653333333333334
31,4,0.552
31,5,0.144
31,6,0.912
31,7,0.7413333333333333
31,8,0.5946666666666667
31,9,0.7653333333333333
31,10,0.8906666666666667
31,11,0.8773333333333333
31,12,0.704
31,13,0.4613333333333333
31,14,0.264
31,15,0.96
31,16,0.9253333333333333
31,17,0.776
31,18,0.5946666666666667
31,19,0.8133333333333334
31,20,0.8826666666666667
31,21,0.688
31,22,0.7386666666666667
31,23,0.8693333333333333
31,24,0.808
31,25,0.8053333333333333
31,26,0.776
31,27,0.9466666666666667
31,28,0.9386666666666666
31,29,0.712
31,30,0.5573333333333333
31,31,0
31,32,0.816
31,33,0.6693333333333333
31,34,0.8826666666666667
31,35,0.8826666666666667
31,36,0.864
31,37,0.5066666666666667
31,38,0.848
31,39,0.88
31,40,0.9013333333333333
31,41,0.8106666666666666
31,42,0.6346666666666667
31,43,0.6693333333333333
31,44,0.936
31,45,0.808
31,46,0.7670682730923695
31,47,0.7813333333333333
31,48,0.9173333333333333
31,49,0.8613333333333333
32,1,0.776
32,2,0.4693333333333333
32,3,0.8453333333333334
32,4,0.696
32,5,0.808
32,6,0.8533333333333334
32,7,0.576
32,8,0.7653333333333333
32,9,0.5706666666666667
32,10,0.4
32,11,0.7653333333333333
32,12,0.6746666666666666
32,13,0.712
32,14,0.816
32,15,0.848
32,16,0.8533333333333334
32,17,0.5306666666666666
32,18,0.7333333333333333
32,19,0.6693333333333333
32,20,0.8346666666666667
32,21,0.48533333333333334
32,22,0.712
32,23,0.8346666666666667
32,24,0.4746666666666667
32,25,0.5306666666666666
32,26,0.624
32,27,0.2826666666666667
32,28,0.5626666666666666
32,29,0.6266666666666667
32,30,0.72
32,31,0.816
32,32,0
32,33,0.6133333333333333
32,34,0.6746666666666666
32,35,0.656
32,36,0.4053333333333333
32,37,0.6373333333333333
32,38,0.544
32,39,0.7573333333333333
32,40,0.5706666666666667
32,41,0.5066666666666667
32,42,0.592
32,43,0.6906666666666667
32,44,0.41333333333333333
32,45,0.592
32,46,0.5689424364123159
32,47,0.5066666666666667
32,48,0.304
32,49,0.648
33,1,0.6293333333333333
33,2,0.7066666666666667
33,3,0.84
33,4,0.33066666666666666
33,5,0.68
33,6,0.872
33,7,0.33866666666666667
33,8,0.6533333333333333
33,9,0.5093333333333333
33,10,0.44533333333333336
33,11,0.448
33,12,0.5893333333333334
33,13,0.624
33,14,0.7306666666666667
33,15,0.4
33,16,0.6266666666666667
33,17,0.5546666666666666
33,18,0.37333333333333335
33,19,0.536
33,20,0.624
33,21,0.488
33,22,0.504
33,23,0.8453333333333334
33,24,0.5386666666666666
33,25,0.5226666666666666
33,26,0.4613333333333333
33,27,0.7306666666666667
33,28,0.704
33,29,0.536
33,30,0.5786666666666667
33,31,0.6693333333333333
33,32,0.6133333333333333
33,33,0
33,34,0.5493333333333333
33,35,0.7013333333333334
33,36,0.6053333333333333
33,37,0.5546666666666666
33,38,0.5706666666666667
33,39,0.728
33,40,0.68
33,41,0.5333333333333333
33,42,0.288
33,43,0.456
33,44,0.64
33,45,0.6106666666666667
33,46,0.46987951807228917
33,47,0.5866666666666667
33,48,0.776
33,49,0.728
34,1,0.5093333333333333
34,2,0.576
34,3,0.6373333333333333
34,4,0.6026666666666667
34,5,0.784
34,6,0.584
34,7,0.424
34,8,0.76
34,9,0.48
34,10,0.45866666666666667
34,11,0.4053333333333333
34,12,0.4106666666666667
34,13,0.5866666666666667
34,14,0.784
34,15,0.6133333333333333
34,16,0.632
34,17,0.528
34,18,0.5093333333333333
34,19,0.328
34,20,0.38666666666666666
34,21,0.45066666666666666
34,22,0.37333333333333335
34,23,0.5093333333333333
34,24,0.44533333333333336
34,25,0.43733333333333335
34,26,0.312
34,27,0.7253333333333334
34,28,0.552
34,29,0.5626666666666666
34,30,0.464
34,31,0.8826666666666667
34,32,0.6746666666666666
34,33,0.5493333333333333
34,34,0
34,35,0.34933333333333333
34,36,0.5386666666666666
34,37,0.49333333333333335
34,38,0.2986666666666667
34,39,0.352
34,40,0.56
34,41,0.5493333333333333
34,42,0.5226666666666666
34,43,0.6
34,44,0.48533333333333334
34,45,0.5386666666666666
34,46,0.21552878179384202
34,47,0.4533333333333333
34,48,0.632
34,49,0.528
35,1,0.6346666666666667
35,2,0.544
35,3,0.5306666666666666
35,4,0.704
35,5,0.8
35,6,0.5013333333333333
35,7,0.576
35,8,0.768
35,9,0.41333333333333333
35,10,0.5893333333333334
35,11,0.688
35,12,0.5386666666666666
35,13,0.6506666666666666
35,14,0.7893333333333333
35,15,0.76
35,16,0.7733333333333333
35,17,0.5386666666666666
35,18,0.632
35,19,0.5733333333333334
35,20,0.664
35,21,0.42933333333333334
35,22,0.6186666666666667
35,23,0.4266666666666667
35,24,0.496
35,25,0.536
35,26,0.49866666666666665
35,27,0.672
35,28,0.36533333333333334
35,29,0.37333333333333335
35,30,0.6053333333333333
35,31,0.8826666666666667
35,32,0.656
35,33,0.7013333333333334
35,34,0.34933333333333333
35,35,0
35,36,0.5013333333333333
35,37,0.496
35,38,0.3333333333333333
35,39,0.248
35,40,0.3973333333333333
35,41,0.592
35,42,0.704
35,43,0.7493333333333333
35,44,0.34933333333333333
35,45,0.35733333333333334
35,46,0.39759036144578314
35,47,0.42133333333333334
35,48,0.5866666666666667
35,49,0.36533333333333334
36,1,0.5386666666666666
36,2,0.43733333333333335
36,3,0.8613333333333333
36,4,0.6666666666666666
36,5,0.7893333333333333
36,6,0.7333333333333333
36,7,0.49333333333333335
36,8,0.6906666666666667
36,9,0.592
36,10,0.5253333333333333
36,11,0.6293333333333333
36,12,0.6026666666666667
36,13,0.696
36,14,0.7946666666666666
36,15,0.7066666666666667
36,16,0.7333333333333333
36,17,0.6666666666666666
36,18,0.6426666666666667
36,19,0.5733333333333334
36,20,0.64
36,21,0.376
36,22,0.648
36,23,0.736
36,24,0.488
36,25,0.5013333333333333
36,26,0.5333333333333333
36,27,0.45066666666666666
36,28,0.584
36,29,0.6826666666666666
36,30,0.6186666666666667
36,31,0.864
36,32,0.4053333333333333
36,33,0.6053333333333333
36,34,0.5386666666666666
36,35,0.5013333333333333
36,36,0
36,37,0.672
36,38,0.5573333333333333
36,39,0.5733333333333334
36,40,0.56
36,41,0.5706666666666667
36,42,0.6666666666666666
36,43,0.7413333333333333
36,44,0.4186666666666667
36,45,0.6906666666666667
36,46,0.46720214190093706
36,47,0.3626666666666667
36,48,0.3973333333333333
36,49,0.6453333333333333
37,1,0.68533333333333335
37,2,0.696
37,3,0.7306666666666667
37,4,0.504
37,5,0.45866666666666667
37,6,0.6826666666666666
37,7,0.536
37,8,0.552
37,9,0.5013333333333333
37,10,0.6773333333333333
37,11,0.6026666666666667
37,12,0.3546666666666667
37,13,0.336
37,14,0.44
37,15,0.8133333333333334
37,16,0.744
37,17,0.5013333333333333
37,18,0.5013333333333333
37,19,0.52
37,20,0.7333333333333333
37,21,0.488
37,22,0.5786666666666667
37,23,0.64
37,24,0.56
37,25,0.584
37,26,0.45866666666666667
37,27,0.776
37,28,0.6613333333333333
37,29,0.5146666666666667
37,30,0.3333333333333333
37,31,0.5066666666666667
37,32,0.6373333333333333
37,33,0.5546666666666666
37,34,0.49333333333333335
37,35,0.496
37,36,0.672
37,37,0
37,38,0.4826666666666667
37,39,0.5466666666666666
37,40,0.6426666666666667
37,41,0.56
37,42,0.48533333333333334
37,43,0.6026666666666667
37,44,0.6453333333333333
37,45,0.5653333333333334
37,46,0.46184738955823296
37,47,0.48
37,48,0.72
37,49,0.6293333333333333
38,1,0.5626666666666666
38,2,0.4266666666666667
38,3,0.5653333333333334
38,4,0.5733333333333334
38,5,0.832
38,6,0.6426666666666667
38,7,0.5493333333333333
38,8,0.8293333333333334
38,9,0.5173333333333333
38,10,0.39466666666666667
38,11,0.608
38,12,0.5493333333333333
38,13,0.6666666666666666
38,14,0.8186666666666667
38,15,0.712
38,16,0.6666666666666666
38,17,0.49866666666666665
38,18,0.6533333333333333
38,19,0.512
38,20,0.6426666666666667
38,21,0.44533333333333336
38,22,0.5786666666666667
38,23,0.5973333333333334
38,24,0.43466666666666665
38,25,0.49066666666666664
38,26,0.416
38,27,0.6213333333333333
38,28,0.424
38,29,0.4746666666666667
38,30,0.512
38,31,0.848
38,32,0.544
38,33,0.5706666666666667
38,34,0.2986666666666667
38,35,0.3333333333333333
38,36,0.5573333333333333
38,37,0.4826666666666667
38,38,0
38,39,0.392
38,40,0.44
38,41,0.42933333333333334
38,42,0.568
38,43,0.6293333333333333
38,44,0.34933333333333333
38,45,0.45066666666666666
38,46,0.3360107095046854
38,47,0.45066666666666666
38,48,0.6106666666666667
38,49,0.37866666666666665
39,1,0.5386666666666666
39,2,0.5946666666666667
39,3,0.37866666666666665
39,4,0.696
39,5,0.7813333333333333
39,6,0.35733333333333334
39,7,0.6
39,8,0.7493333333333333
39,9,0.47733333333333333
39,10,0.648
39,11,0.6586666666666666
39,12,0.4666666666666667
39,13,0.6293333333333333
39,14,0.7866666666666666
39,15,0.7733333333333333
39,16,0.7066666666666667
39,17,0.5573333333333333
39,18,0.6266666666666667
39,19,0.5226666666666666
39,20,0.6613333333333333
39,21,0.496
39,22,0.5786666666666667
39,23,0.2693333333333333
39,24,0.5733333333333334
39,25,0.5866666666666667
39,26,0.4666666666666667
39,27,0.792
39,28,0.37066666666666664
39,29,0.344
39,30,0.512
39,31,0.88
39,32,0.7573333333333333
39,33,0.728
39,34,0.352
39,35,0.248
39,36,0.5733333333333334
39,37,0.5466666666666666
39,38,0.392
39,39,0
39,40,0.4053333333333333
39,41,0.688
39,42,0.72
39,43,0.736
39,44,0.47733333333333333
39,45,0.32266666666666666
39,46,0.4190093708165997
39,47,0.48533333333333334
39,48,0.7013333333333334
39,49,0.31733333333333336
40,1,0.776
40,2,0.5066666666666667
40,3,0.4693333333333333
40,4,0.6293333333333333
40,5,0.9253333333333333
40,6,0.5386666666666666
40,7,0.6906666666666667
40,8,0.7306666666666667
40,9,0.5546666666666666
40,10,0.496
40,11,0.792
40,12,0.7226666666666667
40,13,0.8133333333333334
40,14,0.896
40,15,0.752
40,16,0.7546666666666667
40,17,0.43733333333333335
40,18,0.7013333333333334
40,19,0.7386666666666667
40,20,0.8026666666666666
40,21,0.5493333333333333
40,22,0.752
40,23,0.5413333333333333
40,24,0.6666666666666666
40,25,0.6986666666666667
40,26,0.664
40,27,0.5893333333333334
40,28,0.24
40,29,0.392
40,30,0.784
40,31,0.9013333333333333
40,32,0.5706666666666667
40,33,0.68
40,34,0.56
40,35,0.3973333333333333
40,36,0.56
40,37,0.6426666666666667
40,38,0.44
40,39,0.4053333333333333
40,40,0
40,41,0.408
40,42,0.704
40,43,0.6346666666666667
40,44,0.336
40,45,0.3333333333333333
40,46,0.5850066934404283
40,47,0.5013333333333333
40,48,0.624
40,49,0.32266666666666666
41,1,0.6613333333333333
41,2,0.5706666666666667
41,3,0.8026666666666666
41,4,0.5093333333333333
41,5,0.8346666666666667
41,6,0.8266666666666667
41,7,0.5306666666666666
41,8,0.608
41,9,0.48
41,10,0.44266666666666665
41,11,0.6426666666666667
41,12,0.6
41,13,0.7253333333333334
41,14,0.7946666666666666
41,15,0.7226666666666667
41,16,0.6746666666666666
41,17,0.4266666666666667
41,18,0.5813333333333334
41,19,0.5413333333333333
41,20,0.7226666666666667
41,21,0.49866666666666665
41,22,0.6
41,23,0.8026666666666666
